Min_time: 0.034030914306640625
Max_time: 3.934487819671631
Mean_time: 0.5996659851074219
Standard Deviation: 0.6061780191247024